233
1 4
13 14 15 16
2 6
3 4 8 18 188 233
3 6
2 4 5 7 17 18
4 4
2 3 7 8
5 6
3 6 7 15 16 17
6 3
5 7 15
7 7
3 4 5 6 8 9 39
8 9
2 4 7 9 10 227 228 232 233
9 4
7 8 10 39
10 4
8 9 227 229
11 3
12 24 34
12 4
11 13 14 22
13 3
1 12 14
14 6
1 12 13 16 21 22
15 4
1 5 6 16
16 6
1 5 14 15 17 21
17 6
3 5 16 18 19 21
18 8
2 3 17 19 29 188 189 190
19 5
17 18 20 21 29
20 5
19 21 23 28 29
21 7
14 16 17 19 20 22 23
22 6
12 14 21 23 24 25
23 6
20 21 22 25 27 28
24 5
11 22 25 26 34
25 5
22 23 24 26 27
26 6
24 25 27 33 35 36
27 5
23 25 26 28 42
28 5
20 23 27 29 42
29 7
18 19 20 28 41 42 189
30 4
31 32 37 38
31 2
30 32
32 4
30 31 33 34
33 5
26 32 34 36 38
34 4
11 24 32 33
35 3
26 36 118
36 6
26 33 35 37 38 118
37 6
30 36 38 74 75 76
38 4
30 33 36 37
39 2
7 9
40 5
41 45 59 192 193
41 7
29 40 42 43 59 189 192
42 5
27 28 29 41 43
43 4
41 42 54 59
44 6
45 46 47 49 54 59
45 7
40 44 46 59 176 202 204
46 6
44 45 47 48 176 181
47 5
44 46 48 49 55
48 5
46 47 55 180 181
49 6
44 47 50 51 54 55
50 4
49 51 52 53
51 6
49 50 53 55 56 58
52 4
50 53 84 87
53 9
50 51 52 58 84 93 95 148 149
54 4
43 44 49 59
55 7
47 48 49 51 56 179 180
56 6
51 55 57 58 61 179
57 5
56 58 61 62 150
58 6
51 53 56 57 149 150
59 6
40 41 43 44 45 54
60 5
62 63 68 69 152
61 7
56 57 62 66 67 68 179
62 6
57 60 61 63 68 150
63 5
60 62 150 151 152
64 5
65 68 69 164 165
65 4
64 66 67 68
66 4
61 65 67 68
67 6
61 65 66 165 178 179
68 7
60 61 62 64 65 66 69
69 10
60 64 68 138 152 153 156 157 163 164
70 6
71 72 77 82 113 114
71 6
70 72 73 82 83 119
72 3
70 71 73
73 7
71 72 74 75 76 119 120
74 5
37 73 75 118 120
75 4
37 73 74 76
76 3
37 73 75
77 7
70 78 79 81 82 92 114
78 4
77 79 80 81
79 6
77 78 80 86 88 92
80 6
78 79 81 88 116 117
81 6
77 78 80 82 83 116
82 5
70 71 77 81 83
83 5
71 81 82 116 119
84 7
52 53 85 86 87 89 95
85 4
84 86 89 91
86 6
79 84 85 87 88 91
87 4
52 84 86 88
88 4
79 80 86 87
89 6
84 85 90 91 94 95
90 6
89 91 94 98 100 111
91 6
85 86 89 90 92 111
92 6
77 79 91 111 114 115
93 4
53 94 95 148
94 7
89 90 93 95 96 98 148
95 5
53 84 89 93 94
96 4
94 97 98 147
97 5
96 98 99 102 147
98 5
90 94 96 97 100
99 4
97 100 102 104
100 7
90 98 99 104 108 110 111
101 2
102 103
102 4
97 99 101 103
103 4
101 102 104 105
104 6
99 100 103 105 106 108
105 3
103 104 106
106 4
104 105 107 108
107 3
106 108 109
108 6
100 104 106 107 109 110
109 6
107 108 110 111 112 115
110 4
100 108 109 111
111 7
90 91 92 100 109 110 115
112 2
109 113
113 4
70 112 114 115
114 5
70 77 92 113 115
115 5
92 109 111 113 114
116 6
80 81 83 117 119 120
117 4
80 116 118 120
118 5
35 36 74 117 120
119 5
71 73 83 116 120
120 6
73 74 116 117 118 119
121 4
122 123 124 128
122 5
121 123 124 128 131
123 7
121 122 124 125 131 132 133
124 5
121 122 123 125 162
125 6
123 124 133 144 158 162
126 3
127 128 129
127 2
126 128
128 6
121 122 126 127 129 131
129 6
126 128 130 131 135 139
130 4
129 131 132 139
131 6
122 123 128 129 130 132
132 5
123 130 131 133 139
133 9
123 125 132 136 139 140 142 143 144
134 7
135 137 138 163 164 167 172
135 4
129 134 137 139
136 6
133 137 138 139 140 157
137 5
134 135 136 138 139
138 6
69 134 136 137 157 163
139 7
129 130 132 133 135 136 137
140 5
133 136 141 142 157
141 8
140 142 144 154 155 156 157 158
142 5
133 140 141 143 144
143 3
133 142 144
144 6
125 133 141 142 143 158
145 6
146 147 154 155 159 160
146 6
145 147 148 149 151 154
147 5
96 97 145 146 148
148 6
53 93 94 146 147 149
149 6
53 58 146 148 150 151
150 6
57 58 62 63 149 151
151 7
63 146 149 150 152 153 154
152 5
60 63 69 151 153
153 5
69 151 152 154 156
154 7
141 145 146 151 153 155 156
155 5
141 145 154 158 159
156 5
69 141 153 154 157
157 6
69 136 138 140 141 156
158 6
125 141 144 155 159 162
159 6
145 155 158 160 161 162
160 3
145 159 161
161 3
159 160 162
162 5
124 125 158 159 161
163 4
69 134 138 164
164 6
64 69 134 163 165 167
165 6
64 67 164 166 167 178
166 5
165 167 171 172 178
167 5
134 164 165 166 172
168 4
169 170 173 177
169 7
168 170 171 173 174 180 181
170 4
168 169 171 172
171 6
166 169 170 172 178 180
172 5
134 166 167 170 171
173 5
168 169 174 175 177
174 5
169 173 175 176 181
175 9
173 174 176 177 203 204 205 206 207
176 7
45 46 174 175 181 204 205
177 4
168 173 175 206
178 6
67 165 166 171 179 180
179 6
55 56 61 67 178 180
180 7
48 55 169 171 178 179 181
181 6
46 48 169 174 176 180
182 1
183
183 3
182 184 187
184 3
183 187 210
185 8
186 187 191 197 199 210 211 215
186 6
185 188 191 215 231 233
187 4
183 184 185 197
188 7
2 18 186 189 190 191 233
189 6
18 29 41 188 190 192
190 7
18 188 189 191 192 193 194
191 6
185 186 188 190 194 199
192 5
40 41 189 190 193
193 5
40 190 192 194 195
194 5
190 191 193 195 199
195 6
193 194 199 200 202 203
196 2
197 198
197 5
185 187 196 198 199
198 5
196 197 199 200 206
199 7
185 191 194 195 197 198 200
200 7
195 198 199 201 206 207 208
201 3
200 203 207
202 4
45 195 203 204
203 6
175 195 201 202 204 207
204 6
45 175 176 202 203 205
205 3
175 176 204
206 6
175 177 198 200 207 208
207 6
175 200 201 203 206 208
208 3
200 206 207
209 5
214 216 217 220 221
210 3
184 185 211
211 4
185 210 212 215
212 5
211 213 214 215 216
213 2
212 214
214 4
209 212 213 216
215 7
185 186 211 212 216 218 231
216 6
209 212 214 215 217 218
217 4
209 216 218 220
218 6
215 216 217 219 220 231
219 5
218 220 223 224 231
220 7
209 217 218 219 221 222 223
221 3
209 220 222
222 3
220 221 223
223 5
219 220 222 224 225
224 6
219 223 225 228 231 232
225 4
223 224 226 228
226 3
225 227 228
227 7
8 10 226 228 229 230 232
228 6
8 224 225 226 227 232
229 3
10 227 230
230 2
227 229
231 7
186 215 218 219 224 232 233
232 6
8 224 227 228 231 233
233 6
2 8 186 188 231 232
